
0.000	0.000
1.000	0.000
2.000	0.000
3.000	0.000
3.999	0.000
5.000	0.000
6.000	0.000
7.000	0.000
8.000	0.000
9.001	16.000
10.001	51.000
11.001	82.000
12.001	119.000
13.001	155.000
14.001	185.000
15.001	214.000
16.001	250.000
17.001	296.000
18.001	319.000
19.002	361.000
20.002	388.000
21.003	430.000
22.004	469.000
23.004	504.000
24.004	543.000
25.004	579.000
26.005	614.000
27.005	651.000
28.005	696.000
29.006	731.000
30.006	772.000
31.006	816.000
32.006	853.000
33.006	887.000
34.007	922.000
35.006	957.000
36.007	996.000
37.007	1028.000
38.007	1061.000
39.007	1092.000
40.008	1115.000
41.008	1147.000
42.008	1187.000
43.008	1219.000
44.008	1250.000
45.007	1289.000
46.008	1321.000
47.008	1354.000
48.008	1386.000
49.008	1415.000
50.007	1450.000
51.008	1483.000
52.008	1511.000
53.008	1540.000
54.008	1567.000
55.008	1593.000
56.008	1622.000
57.008	1648.000
58.009	1673.000
59.009	1698.000
60.010	1721.000
61.010	1746.000
62.011	1768.000
63.011	1789.000
64.011	1810.000
65.011	1831.000
66.010	1851.000
67.011	1871.000
68.011	1888.000
69.012	1905.000
70.011	1923.000
71.012	1940.000
72.013	1957.000
73.013	1971.000
74.013	1987.000
75.014	2004.000
76.013	2018.000
77.014	2031.000
78.014	2044.000
79.014	2056.000
80.015	2068.000
81.015	2079.000
82.015	2090.000
83.015	2100.000
84.015	2112.000
85.015	2121.000
86.015	2131.000
87.015	2140.000
88.016	2149.000
89.017	2157.000
90.018	2167.000
91.018	2175.000
92.019	2182.000
93.018	2192.000
94.019	2200.000
95.019	2204.000
96.019	2211.000
97.020	2217.000
98.020	2223.000
99.020	2230.000
100.021	2235.000
101.021	2240.000
102.021	2246.000
103.022	2251.000
104.021	2256.000
105.021	2261.000
106.021	2265.000
107.022	2270.000
108.023	2274.000
109.022	2279.000
110.023	2282.000
111.023	2286.000
112.024	2290.000
113.025	2292.000
114.025	2296.000
115.025	2300.000
116.025	2302.000
117.025	2305.000
118.025	2308.000
119.025	2311.000
120.025	2314.000
121.025	2316.000
122.024	2320.000
123.025	2323.000
124.025	2325.000
125.026	2327.000
126.026	2329.000
127.026	2331.000
128.027	2334.000
129.028	2336.000
130.028	2338.000
131.028	2340.000
132.027	2341.000
133.028	2343.000
134.028	2344.000
135.028	2346.000
136.027	2347.000
137.028	2349.000
138.028	2351.000
139.028	2352.000
140.027	2354.000
141.027	2355.000
142.028	2356.000
143.028	2357.000
144.028	2359.000
145.028	2360.000
146.028	2361.000
147.028	2362.000
148.028	2363.000
149.028	2364.000
150.028	2364.000
151.027	2365.000
152.028	2366.000
153.028	2367.000
154.027	2368.000
155.028	2369.000
156.028	2369.000
157.028	2370.000
158.028	2370.000
159.028	2371.000
160.029	2372.000
161.029	2373.000
162.029	2373.000
163.029	2374.000
164.030	2375.000
165.030	2375.000
166.031	2376.000
167.030	2377.000
168.031	2377.000
169.031	2378.000
170.031	2378.000
171.031	2379.000
172.031	2380.000
173.031	2381.000
174.031	2381.000
175.031	2382.000
176.033	2382.000
177.033	2383.000
178.033	2383.000
179.032	2384.000
180.033	2384.000
181.034	2385.000
182.034	2385.000
183.035	2386.000
184.035	2387.000
185.036	2387.000
186.035	2388.000
187.036	2389.000
188.037	2389.000
189.037	2390.000
190.037	2389.000
191.037	2390.000
192.036	2391.000
193.037	2391.000
194.038	2392.000
195.038	2392.000
196.038	2392.000
197.038	2394.000
198.037	2394.000
199.038	2394.000
200.038	2394.000
201.038	2396.000
202.038	2396.000
203.038	2396.000
204.039	2397.000
205.039	2398.000
206.039	2398.000
207.039	2399.000
208.038	2398.000
209.039	2398.000
210.040	2399.000
211.041	2399.000
212.041	2398.000
213.041	2398.000
214.041	2399.000
215.041	2399.000
216.042	2400.000
217.043	2400.000
218.043	2399.000
219.043	2400.000
220.042	2400.000
221.043	2400.000
222.044	2400.000
223.044	2400.000
224.045	2401.000
225.045	2402.000
226.045	2402.000
227.044	2402.000
228.045	2402.000
229.045	2403.000
230.045	2403.000
231.046	2403.000
232.046	2405.000
233.046	2404.000
234.047	2404.000
235.047	2404.000
236.048	2404.000
237.047	2406.000
238.048	2406.000
239.049	2405.000
240.049	2406.000
241.050	2407.000
242.050	2407.000
243.050	2407.000
244.051	2408.000
245.051	2408.000
246.050	2408.000
247.051	2408.000
248.052	2408.000
249.053	2409.000
250.054	2410.000
251.055	2410.000
252.055	2410.000
253.056	2411.000
254.057	2410.000
255.057	2411.000
256.057	2411.000
257.057	2411.000
258.057	2410.000
259.057	2410.000
260.057	2411.000
261.057	2411.000
262.057	2412.000
263.058	2411.000
264.058	2412.000
265.058	2412.000
266.059	2412.000
267.060	2413.000
268.059	2413.000
269.060	2414.000
270.060	2414.000
271.059	2413.000
272.060	2414.000
273.061	2414.000
274.061	2415.000
275.061	2415.000
276.060	2415.000
277.061	2415.000
278.062	2416.000
279.063	2416.000
280.063	2415.000
281.062	2416.000
282.064	2415.000
283.064	2415.000
284.064	2415.000
285.064	2416.000
286.064	2416.000
287.065	2415.000
288.065	2416.000
289.065	2417.000
290.065	2417.000
291.065	2417.000
292.065	2418.000
293.065	2418.000
294.065	2418.000
295.065	2419.000
296.064	2419.000
297.065	2419.000
298.065	2419.000
299.065	2420.000
300.066	2420.000
301.067	2420.000
302.067	2420.000
303.067	2422.000
304.067	2421.000
305.068	2421.000
306.069	2420.000
307.068	2421.000
308.069	2422.000
309.068	2422.000
310.069	2421.000
311.069	2422.000
312.069	2422.000
313.069	2422.000
314.069	2423.000
315.069	2423.000
316.069	2423.000
317.068	2424.000
318.069	2424.000
319.069	2424.000
320.069	2424.000
321.069	2424.000
322.070	2425.000
323.069	2425.000
324.071	2425.000
325.071	2425.000
326.070	2426.000
327.071	2427.000
328.072	2427.000
329.072	2426.000
330.072	2426.000
331.071	2426.000
332.072	2427.000
333.072	2427.000
334.072	2427.000
335.072	2427.000
336.072	2429.000
337.073	2427.000
